137
337D01	0.000000	0.048012	0.591151	0.716157	0.697591	0.724397	0.677868	0.736693	0.714607	0.739639	0.679488	0.618177	0.687665	0.663141	0.663210	0.682696	0.716859	0.749806	0.746127	0.085055	0.524605	0.852891	0.730987	0.714911	0.730593	0.713413	0.688749	0.718810	0.745988	0.665666	0.763062	0.742540	0.624139	0.656701	0.704926	0.703498	0.751869	0.749875	0.755801	0.703757	0.652925	0.075745	0.093973	0.740467	0.739476	0.690483	0.739061	0.701158	0.726999	0.766672	0.755941	0.655082	0.649665	0.669533	0.622650	0.682176	0.703035	0.759023	0.808978	0.757862	0.698483	0.199014	0.236973	0.716910	0.688113	0.699802	0.720413	0.122527	0.175618	0.396167	0.728086	0.725198	0.736166	0.776714	0.725997	0.768096	0.758188	0.731819	0.718515	0.685394	0.743089	0.629245	0.657037	0.714563	0.700080	0.842433	0.788106	0.742855	0.780626	0.214893	0.151127	0.593192	0.756586	0.714680	0.701820	0.656021	0.706979	0.693233	0.743701	0.681835	0.760306	0.675935	0.639774	0.564858	0.675252	0.710250	0.777751	0.762639	0.742277	0.251594	0.136394	0.368544	0.706878	0.686303	0.719940	0.673761	0.610007	0.208007	0.103655	0.367476	0.835893	0.710452	0.669545	0.640459	0.332445	0.237338	0.698761	0.748007	0.959412	0.614999	0.210161	0.153117	0.338490	0.597829	0.660482	0.677019	0.629595	
337D02	0.048012	0.000000	0.545524	0.689642	0.667915	0.700652	0.672440	0.712727	0.697967	0.735257	0.650607	0.573493	0.663299	0.636153	0.642620	0.646430	0.672243	0.698047	0.685747	0.101796	0.498132	0.890430	0.732077	0.695061	0.719494	0.687971	0.672373	0.705045	0.736639	0.646605	0.755713	0.737212	0.596895	0.619228	0.670744	0.675964	0.701641	0.697390	0.700487	0.649630	0.627837	0.143255	0.063381	0.679951	0.703735	0.681227	0.721120	0.678977	0.705964	0.744334	0.728370	0.607463	0.600543	0.642011	0.576586	0.636888	0.653747	0.719754	0.754782	0.699480	0.640745	0.195719	0.182155	0.688550	0.657676	0.664418	0.676993	0.180836	0.140477	0.453094	0.741607	0.713962	0.734572	0.781745	0.703293	0.767378	0.759354	0.720153	0.716481	0.678127	0.754472	0.614971	0.617054	0.693651	0.663727	0.846928	0.723741	0.682782	0.763870	0.259780	0.114421	0.569902	0.745755	0.694857	0.665826	0.639177	0.688834	0.685868	0.727238	0.668290	0.772464	0.682759	0.597109	0.531074	0.645193	0.684399	0.745799	0.725374	0.673346	0.285644	0.113756	0.272473	0.648899	0.634535	0.688173	0.626707	0.594418	0.240241	0.099258	0.323883	0.849584	0.647249	0.622118	0.590816	0.333152	0.180729	0.665612	0.660551	0.984121	0.567480	0.240525	0.121132	0.295865	0.521418	0.623624	0.630300	0.580285	
337D03	0.591151	0.545524	0.000000	0.331052	0.304226	0.335350	0.416473	0.501248	0.400204	0.398209	0.363532	0.307727	0.360795	0.309787	0.346813	0.387604	0.300348	0.499348	0.596117	0.572737	0.182452	0.737552	0.365695	0.368021	0.393860	0.347692	0.458381	0.470921	0.467565	0.377494	0.497194	0.505948	0.314509	0.302858	0.335784	0.347748	0.501607	0.608511	0.577518	0.434143	0.479234	0.485192	0.438781	0.178367	0.235597	0.323872	0.395385	0.391814	0.516288	0.560540	0.485067	0.379076	0.358289	0.321312	0.291656	0.362768	0.337332	0.449931	0.567614	0.582607	0.446310	0.506129	0.343047	0.293685	0.356513	0.350550	0.358130	0.634311	0.600583	0.558781	0.338171	0.379801	0.396515	0.481561	0.386602	0.473571	0.445950	0.379638	0.379558	0.372169	0.421998	0.297534	0.329825	0.376571	0.386221	0.729049	0.621024	0.538614	0.748254	0.356836	0.351050	0.145131	0.252240	0.303165	0.264697	0.341809	0.420370	0.358693	0.425890	0.311540	0.478804	0.387873	0.358164	0.330136	0.337444	0.369393	0.500207	0.562648	0.535238	0.647066	0.659360	0.550031	0.198789	0.255424	0.439161	0.340246	0.478730	0.635958	0.631582	0.558263	0.664010	0.276024	0.354117	0.341814	0.851243	0.612836	0.200606	0.315693	0.996938	0.341660	0.685375	0.562647	0.520487	0.169141	0.320947	0.334188	0.302830	
337D04	0.716157	0.689642	0.331052	0.000000	0.078017	0.165298	0.165402	0.184347	0.123155	0.206900	0.073931	0.127416	0.147333	0.211362	0.268489	0.247244	0.324931	0.430479	0.507126	0.699241	0.443575	0.769823	0.233805	0.090019	0.134441	0.126712	0.132050	0.148239	0.187236	0.132017	0.266122	0.243321	0.118814	0.079674	0.162211	0.393027	0.507073	0.589051	0.475303	0.334650	0.561242	0.624680	0.601023	0.480899	0.198646	0.112521	0.138833	0.096384	0.245852	0.277807	0.291586	0.148004	0.169126	0.172245	0.176023	0.205201	0.276051	0.463925	0.526064	0.535579	0.351855	0.588787	0.527302	0.080526	0.073313	0.104164	0.126220	0.742672	0.786815	0.803602	0.445423	0.060327	0.227083	0.258796	0.065717	0.244259	0.239458	0.175192	0.201419	0.248356	0.366520	0.239932	0.200622	0.353785	0.343458	0.792556	0.548042	0.467024	0.779266	0.488725	0.571428	0.301702	0.354606	0.073132	0.089446	0.116800	0.092021	0.142227	0.168004	0.117498	0.269335	0.280527	0.167232	0.340220	0.267184	0.423975	0.528175	0.587503	0.457117	0.702743	0.780046	0.779522	0.144006	0.144615	0.172304	0.100425	0.547276	0.706839	0.763307	0.781308	0.782982	0.128352	0.131788	0.120027	0.936491	0.825402	0.247426	0.461681	0.999686	0.203008	0.746309	0.717777	0.755284	0.317698	0.103148	0.097082	0.102533	
337D05	0.697591	0.667915	0.304226	0.078017	0.000000	0.144150	0.105405	0.131242	0.096446	0.147154	0.065799	0.160621	0.169874	0.246331	0.335505	0.326633	0.323011	0.446385	0.534586	0.664429	0.418526	0.828440	0.337340	0.068144	0.092812	0.075655	0.107995	0.115566	0.133699	0.076476	0.216489	0.196341	0.098483	0.133584	0.189882	0.380621	0.486632	0.583215	0.515801	0.385134	0.472203	0.608230	0.582767	0.484876	0.209666	0.112535	0.087628	0.062259	0.156765	0.201677	0.199838	0.140973	0.165449	0.169583	0.224121	0.273434	0.314218	0.458034	0.526685	0.532588	0.391915	0.586878	0.521017	0.162638	0.159901	0.197552	0.209484	0.735706	0.751670	0.800918	0.501746	0.077000	0.284204	0.211528	0.083252	0.172017	0.176552	0.132072	0.204779	0.233141	0.339265	0.265970	0.241272	0.350687	0.357693	0.749726	0.562138	0.492604	0.747766	0.472504	0.540954	0.357085	0.413538	0.049370	0.065077	0.038878	0.079947	0.124808	0.139166	0.084755	0.213062	0.242165	0.242855	0.360981	0.312010	0.416901	0.520783	0.584551	0.479559	0.717342	0.756316	0.714976	0.180618	0.209979	0.295349	0.195103	0.459545	0.717994	0.744087	0.747933	0.822043	0.184376	0.209252	0.207060	0.910280	0.789718	0.262404	0.423710	0.998061	0.279327	0.756444	0.693420	0.723281	0.298425	0.168770	0.171878	0.171643	
337D06	0.724397	0.700652	0.335350	0.165298	0.144150	0.000000	0.167233	0.210906	0.142415	0.188821	0.132582	0.244105	0.210441	0.280444	0.304977	0.267617	0.231191	0.406814	0.554255	0.676729	0.332326	0.765269	0.158996	0.086105	0.118963	0.123394	0.196750	0.174826	0.192042	0.140152	0.297896	0.248246	0.166351	0.171751	0.190202	0.233326	0.411735	0.505937	0.508794	0.334017	0.505180	0.630444	0.609039	0.504103	0.131777	0.146189	0.072040	0.108999	0.232692	0.305620	0.166540	0.214208	0.238776	0.194152	0.229249	0.223867	0.259760	0.358803	0.450891	0.448509	0.309528	0.553564	0.472801	0.158884	0.186197	0.200144	0.223882	0.764740	0.782380	0.771734	0.402360	0.150652	0.107433	0.147581	0.127697	0.239369	0.189572	0.182709	0.176318	0.171463	0.355740	0.191570	0.190703	0.249021	0.273779	0.651748	0.508361	0.420718	0.738227	0.470006	0.540637	0.305817	0.269097	0.116639	0.084329	0.150658	0.152689	0.135773	0.174084	0.123485	0.256466	0.178512	0.298491	0.297005	0.234087	0.301383	0.467998	0.516323	0.449634	0.713166	0.750426	0.681761	0.140529	0.212494	0.295515	0.237869	0.474807	0.712191	0.749664	0.690469	0.703747	0.182923	0.197871	0.234623	0.932950	0.786619	0.259907	0.414540	0.999035	0.261016	0.758533	0.679584	0.681099	0.195272	0.177269	0.168124	0.265589	
337D07	0.677868	0.672440	0.416473	0.165402	0.105405	0.167233	0.000000	0.154771	0.172697	0.185916	0.164353	0.318942	0.303945	0.399998	0.482756	0.437167	0.467130	0.582893	0.654931	0.654440	0.478098	0.746454	0.316493	0.100220	0.080590	0.110314	0.130668	0.125600	0.144458	0.144281	0.250104	0.197742	0.191244	0.273787	0.283865	0.485199	0.599205	0.680231	0.640502	0.537145	0.488937	0.609573	0.585565	0.570746	0.336446	0.130987	0.096779	0.063359	0.146225	0.202987	0.242354	0.270256	0.296897	0.300826	0.385219	0.424591	0.474267	0.578750	0.639204	0.641915	0.541387	0.590226	0.526855	0.261972	0.262390	0.334727	0.346357	0.725236	0.734834	0.726340	0.445777	0.067289	0.235816	0.099020	0.155819	0.162502	0.203719	0.213118	0.289161	0.316865	0.400926	0.387404	0.374952	0.462168	0.501343	0.797512	0.670614	0.618333	0.752590	0.504908	0.570401	0.402003	0.404412	0.099170	0.143859	0.106273	0.134527	0.196005	0.204126	0.173244	0.218398	0.279066	0.398950	0.489709	0.426723	0.537176	0.633515	0.685158	0.615184	0.706399	0.723502	0.700458	0.293282	0.343459	0.409537	0.348687	0.468433	0.701053	0.710412	0.690673	0.730727	0.328881	0.347398	0.352361	0.883222	0.752153	0.257241	0.478022	0.999214	0.414260	0.733539	0.664289	0.666740	0.380344	0.291440	0.311762	0.328834	
337D08	0.736693	0.712727	0.501248	0.184347	0.131242	0.210906	0.154771	0.000000	0.061058	0.114230	0.099154	0.240827	0.191409	0.329813	0.412617	0.393691	0.432397	0.432669	0.493059	0.730273	0.541210	0.861698	0.426636	0.123869	0.137431	0.124999	0.033923	0.037275	0.057245	0.062955	0.094956	0.063996	0.113148	0.222302	0.233743	0.439799	0.452751	0.510277	0.473010	0.407700	0.604032	0.684162	0.656648	0.597660	0.346446	0.264837	0.143024	0.079170	0.025019	0.035814	0.092910	0.121221	0.175041	0.210747	0.328358	0.329276	0.388251	0.454161	0.483198	0.483597	0.401178	0.674204	0.635850	0.290539	0.259733	0.308753	0.345333	0.799987	0.816567	0.862605	0.600831	0.143995	0.388171	0.233017	0.127858	0.098856	0.133483	0.126730	0.219239	0.219803	0.341914	0.365619	0.339539	0.393818	0.394318	0.734066	0.495272	0.445868	0.786575	0.573004	0.626653	0.490312	0.529470	0.163443	0.148881	0.127719	0.059993	0.142320	0.081451	0.131715	0.145743	0.234617	0.305658	0.433029	0.429706	0.490292	0.523118	0.538569	0.445045	0.794596	0.810200	0.776183	0.335681	0.363928	0.392713	0.312808	0.576304	0.794747	0.808296	0.810651	0.859915	0.314107	0.324172	0.321281	0.926541	0.842028	0.406917	0.571114	0.999747	0.429870	0.818144	0.774886	0.791820	0.432966	0.289483	0.225597	0.298252	
337D09	0.714607	0.697967	0.400204	0.123155	0.096446	0.142415	0.172697	0.061058	0.000000	0.055362	0.033329	0.148202	0.079895	0.183790	0.244611	0.280172	0.281097	0.342936	0.435323	0.712217	0.428497	0.839265	0.342573	0.097825	0.120683	0.101232	0.059059	0.062934	0.047235	0.021890	0.085833	0.075976	0.043862	0.111108	0.153559	0.284640	0.368764	0.454877	0.396742	0.287431	0.563795	0.634583	0.628793	0.535112	0.226038	0.189521	0.112158	0.081319	0.093619	0.123334	0.088351	0.090165	0.108627	0.091725	0.191618	0.212065	0.245285	0.344914	0.411751	0.417500	0.295238	0.632526	0.593412	0.200811	0.183878	0.195460	0.223107	0.768743	0.816098	0.830768	0.514944	0.117377	0.315874	0.231110	0.079700	0.095448	0.069542	0.044968	0.090635	0.090045	0.212109	0.195305	0.214291	0.234975	0.252770	0.644732	0.446324	0.370900	0.768352	0.487009	0.572988	0.385093	0.441179	0.110748	0.106681	0.095256	0.054206	0.051940	0.024041	0.045472	0.101456	0.121557	0.187938	0.278631	0.299678	0.329549	0.408425	0.448304	0.383692	0.758048	0.805497	0.776210	0.249483	0.253248	0.286954	0.206444	0.521070	0.760977	0.796640	0.804660	0.834691	0.235403	0.220551	0.214107	0.937768	0.847364	0.366510	0.540131	0.999834	0.310868	0.793462	0.761528	0.785202	0.358511	0.194906	0.143961	0.201568	
337D10	0.739639	0.735257	0.398209	0.206900	0.147154	0.188821	0.185916	0.114230	0.055362	0.000000	0.117531	0.251605	0.148004	0.223122	0.313907	0.382969	0.335721	0.406383	0.510794	0.744076	0.397012	0.807437	0.374621	0.163340	0.159112	0.156774	0.119446	0.117221	0.052588	0.075001	0.054287	0.091739	0.099117	0.211508	0.234171	0.305982	0.403771	0.527978	0.482835	0.372225	0.587474	0.661456	0.653580	0.517176	0.305895	0.244723	0.159488	0.137420	0.129775	0.129109	0.122699	0.183128	0.194923	0.155539	0.298297	0.329876	0.320205	0.368237	0.471894	0.495826	0.400849	0.687942	0.634566	0.283546	0.290783	0.312405	0.325141	0.793418	0.827682	0.773600	0.441881	0.156290	0.353131	0.217620	0.152097	0.059026	0.038709	0.034677	0.080353	0.098806	0.149784	0.256157	0.331742	0.253741	0.326115	0.658867	0.518818	0.452162	0.783208	0.512446	0.589575	0.373758	0.423317	0.159270	0.167424	0.143707	0.121799	0.074138	0.040086	0.077382	0.048744	0.097865	0.292752	0.366364	0.377852	0.358721	0.426835	0.489197	0.458190	0.800453	0.828723	0.770625	0.311161	0.348000	0.399532	0.314596	0.552347	0.798097	0.816320	0.783159	0.769380	0.321679	0.335414	0.335375	0.947753	0.849824	0.366725	0.532308	0.999856	0.422243	0.829673	0.782177	0.764010	0.394899	0.301260	0.251929	0.308974	
337D11	0.679488	0.650607	0.363532	0.073931	0.065799	0.132582	0.164353	0.099154	0.033329	0.117531	0.000000	0.088560	0.065610	0.157740	0.216155	0.230472	0.245194	0.341480	0.431997	0.665533	0.414634	0.854550	0.328254	0.081089	0.118715	0.090055	0.075471	0.080913	0.083811	0.029875	0.162752	0.130584	0.035496	0.049899	0.132101	0.286261	0.388462	0.475929	0.392263	0.268624	0.511809	0.595808	0.577499	0.516854	0.206053	0.138625	0.102652	0.068780	0.140113	0.176950	0.146172	0.070093	0.088822	0.072587	0.128254	0.166662	0.204077	0.365841	0.428531	0.423033	0.269898	0.570125	0.525778	0.132624	0.116486	0.123520	0.139592	0.729838	0.771546	0.828283	0.527816	0.099210	0.287375	0.251123	0.048532	0.159572	0.134447	0.089444	0.121357	0.131080	0.277425	0.169885	0.151820	0.244107	0.243692	0.688895	0.455291	0.376808	0.747527	0.446406	0.529830	0.359484	0.440250	0.086975	0.082681	0.070675	0.046012	0.066164	0.062973	0.044009	0.174649	0.165165	0.124956	0.246034	0.245168	0.323768	0.432318	0.485267	0.380672	0.702378	0.761308	0.745110	0.187526	0.174029	0.212410	0.123791	0.475429	0.706876	0.750168	0.778868	0.848962	0.168234	0.141519	0.130601	0.915150	0.812432	0.328496	0.490160	0.999711	0.218207	0.743752	0.708491	0.757122	0.309104	0.119966	0.096486	0.111379	
337D12	0.618177	0.573493	0.307727	0.127416	0.160621	0.244105	0.318942	0.240827	0.148202	0.251605	0.088560	0.000000	0.059695	0.078748	0.141709	0.113247	0.207280	0.224448	0.310093	0.624673	0.377376	0.840423	0.367453	0.219947	0.237303	0.186625	0.224055	0.250166	0.248719	0.140439	0.271721	0.268150	0.077971	0.043594	0.097261	0.291448	0.321112	0.390188	0.281124	0.169316	0.489589	0.544123	0.499049	0.492897	0.235115	0.271486	0.272894	0.211315	0.279972	0.320176	0.281132	0.060016	0.054581	0.075321	0.040324	0.076387	0.119966	0.288424	0.351217	0.341391	0.169925	0.542628	0.476454	0.185474	0.171603	0.134983	0.143553	0.691969	0.738278	0.791927	0.544358	0.245349	0.399707	0.435120	0.165204	0.334974	0.278690	0.182414	0.214079	0.204735	0.310331	0.167830	0.090591	0.229234	0.178615	0.688517	0.360089	0.266804	0.737198	0.400061	0.444293	0.296167	0.466821	0.195905	0.166652	0.180613	0.166414	0.177173	0.178815	0.139560	0.330584	0.273342	0.042953	0.167693	0.151287	0.280429	0.328475	0.394732	0.264601	0.684236	0.726532	0.717185	0.219948	0.194961	0.233414	0.098519	0.461189	0.684543	0.712667	0.746692	0.852197	0.165942	0.144239	0.103061	0.884887	0.781616	0.360202	0.498387	0.999554	0.176896	0.721336	0.671850	0.718204	0.303150	0.155712	0.097292	0.053033	
337D13	0.687665	0.663299	0.360795	0.147333	0.169874	0.210441	0.303945	0.191409	0.079895	0.148004	0.065610	0.059695	0.000000	0.051027	0.093377	0.143573	0.172255	0.223396	0.332863	0.693791	0.369541	0.851479	0.358234	0.201551	0.206876	0.161109	0.173021	0.197324	0.159509	0.087767	0.161182	0.173472	0.051923	0.054380	0.094712	0.205671	0.280933	0.368525	0.277655	0.165072	0.541683	0.612550	0.594126	0.501162	0.217751	0.263978	0.232050	0.187036	0.234411	0.265405	0.201621	0.090610	0.068627	0.024250	0.075431	0.093378	0.103801	0.227758	0.316239	0.326111	0.175507	0.613206	0.566068	0.196836	0.187902	0.146217	0.158965	0.756283	0.804344	0.820789	0.511147	0.213711	0.371744	0.371840	0.130010	0.218555	0.153954	0.096467	0.108257	0.095865	0.172910	0.120918	0.114905	0.140056	0.127774	0.599732	0.359775	0.274472	0.755301	0.439334	0.528245	0.322131	0.449732	0.181082	0.171130	0.185503	0.134468	0.091589	0.076468	0.077647	0.189889	0.150209	0.071695	0.163493	0.163872	0.210033	0.282618	0.349122	0.286757	0.741374	0.798017	0.782327	0.246080	0.216630	0.238283	0.142046	0.497283	0.745079	0.784930	0.803738	0.840810	0.217043	0.177938	0.152647	0.934848	0.844166	0.384499	0.542001	0.999800	0.226104	0.779722	0.750528	0.782098	0.343820	0.168882	0.119701	0.111998	
337D14	0.663141	0.636153	0.309787	0.211362	0.246331	0.280444	0.399998	0.329813	0.183790	0.223122	0.157740	0.078748	0.051027	0.000000	0.053823	0.128899	0.154435	0.208757	0.323111	0.673118	0.287157	0.845670	0.377063	0.299050	0.314562	0.264846	0.299777	0.333409	0.284065	0.191299	0.262463	0.308890	0.116338	0.089386	0.140684	0.184221	0.276257	0.385459	0.281139	0.132184	0.512145	0.584104	0.548579	0.483549	0.248777	0.338129	0.335180	0.295611	0.371390	0.396413	0.319714	0.160195	0.114465	0.069054	0.060471	0.101290	0.077254	0.200836	0.323180	0.336199	0.169582	0.594949	0.532748	0.249696	0.241768	0.178948	0.173052	0.734792	0.783911	0.768402	0.471861	0.305953	0.419748	0.475639	0.224703	0.337446	0.248397	0.155576	0.141276	0.134769	0.176290	0.105484	0.120383	0.120324	0.126143	0.610285	0.363007	0.262115	0.743621	0.399374	0.466160	0.263631	0.447017	0.265710	0.255694	0.277161	0.255144	0.169707	0.175528	0.156602	0.289849	0.197746	0.076572	0.133152	0.140250	0.172323	0.237700	0.332603	0.269819	0.725267	0.775428	0.744569	0.256958	0.235765	0.263841	0.150853	0.475517	0.725119	0.758060	0.760641	0.811952	0.220914	0.194629	0.163700	0.921048	0.823580	0.407818	0.513551	0.999746	0.211282	0.765630	0.719049	0.737630	0.322050	0.207410	0.156483	0.126234	
337D15	0.663210	0.642620	0.346813	0.268489	0.335505	0.304977	0.482756	0.412617	0.244611	0.313907	0.216155	0.141709	0.093377	0.053823	0.000000	0.142723	0.136205	0.255055	0.371120	0.667347	0.303205	0.856357	0.364887	0.342401	0.387825	0.334899	0.359584	0.387233	0.361754	0.260385	0.362446	0.378463	0.190664	0.114381	0.202604	0.142766	0.309063	0.379620	0.296449	0.132014	0.580283	0.570952	0.568032	0.500281	0.224788	0.354441	0.372121	0.361428	0.464875	0.502039	0.379580	0.248219	0.200118	0.106113	0.069264	0.089240	0.074253	0.220341	0.339473	0.338147	0.148986	0.555651	0.519257	0.244306	0.236392	0.148680	0.166769	0.716336	0.789283	0.792630	0.504802	0.368056	0.398316	0.519003	0.263397	0.408615	0.314549	0.244089	0.170126	0.150120	0.229790	0.059111	0.109612	0.114849	0.099486	0.554214	0.385149	0.277497	0.762646	0.376892	0.483000	0.306582	0.445511	0.330111	0.311478	0.355295	0.316626	0.204975	0.246241	0.204874	0.347150	0.213471	0.096331	0.077397	0.144977	0.133423	0.276910	0.332969	0.311459	0.683664	0.774312	0.772405	0.268883	0.211341	0.210782	0.159688	0.529606	0.689733	0.756155	0.788607	0.828922	0.248802	0.178684	0.158289	0.931374	0.833527	0.465518	0.574124	0.999799	0.170408	0.734631	0.718660	0.771634	0.331666	0.188599	0.166917	0.159166	
337D16	0.682696	0.646430	0.387604	0.247244	0.326633	0.267617	0.437167	0.393691	0.280172	0.382969	0.230472	0.113247	0.143573	0.128899	0.142723	0.000000	0.153755	0.161439	0.276157	0.686897	0.375638	0.779550	0.302604	0.346688	0.323577	0.286580	0.385627	0.411966	0.394359	0.284135	0.405145	0.409134	0.223892	0.150415	0.126255	0.244086	0.266750	0.314870	0.235649	0.121823	0.498834	0.622225	0.588444	0.540094	0.223531	0.388073	0.384092	0.343906	0.422619	0.481530	0.368711	0.194133	0.155585	0.169877	0.078195	0.047987	0.095966	0.206523	0.258887	0.252047	0.108451	0.594257	0.517178	0.283557	0.277696	0.205080	0.196522	0.759088	0.801141	0.791265	0.501848	0.368803	0.379889	0.494829	0.298097	0.476674	0.388960	0.314386	0.305806	0.267316	0.375791	0.186891	0.072240	0.196173	0.122918	0.584014	0.293556	0.197119	0.726280	0.476781	0.517270	0.274478	0.404939	0.308134	0.286923	0.343112	0.322616	0.297714	0.298885	0.274817	0.457082	0.351294	0.129356	0.159284	0.060594	0.203248	0.244731	0.323281	0.227588	0.732103	0.769149	0.753374	0.274282	0.255599	0.282536	0.185142	0.450612	0.732712	0.764695	0.747477	0.769877	0.231105	0.200515	0.175065	0.923649	0.816415	0.400286	0.516590	0.999565	0.196522	0.768345	0.720177	0.726283	0.315370	0.242716	0.183005	0.172893	
337D17	0.716859	0.672243	0.300348	0.324931	0.323011	0.231191	0.467130	0.432397	0.281097	0.335721	0.245194	0.207280	0.172255	0.154435	0.136205	0.153755	0.000000	0.190916	0.344559	0.688974	0.269494	0.841071	0.366124	0.353654	0.356005	0.309887	0.420160	0.429784	0.387748	0.289885	0.414747	0.433910	0.254364	0.184358	0.203593	0.069840	0.199736	0.326815	0.284728	0.135791	0.502023	0.638030	0.622626	0.439054	0.152961	0.354972	0.347376	0.374216	0.453532	0.505292	0.318303	0.274839	0.210961	0.152350	0.116346	0.130021	0.053955	0.149324	0.239468	0.247522	0.135913	0.599290	0.515526	0.285706	0.321553	0.230936	0.193508	0.772055	0.781235	0.790685	0.483883	0.400873	0.375577	0.458993	0.316759	0.443458	0.337749	0.296489	0.246624	0.194301	0.319217	0.113651	0.129139	0.077390	0.052901	0.446493	0.338552	0.258003	0.721572	0.465315	0.513933	0.288769	0.378672	0.303421	0.278872	0.337957	0.360638	0.265921	0.289502	0.244512	0.414469	0.266426	0.201042	0.116834	0.106338	0.053851	0.220899	0.295672	0.280081	0.741720	0.779003	0.698090	0.226777	0.216354	0.311936	0.230038	0.446389	0.744813	0.775745	0.733091	0.775646	0.244138	0.221213	0.221983	0.936298	0.797199	0.389419	0.404843	0.999712	0.206069	0.786505	0.720958	0.718200	0.228602	0.253076	0.239850	0.229158	
337D18	0.749806	0.698047	0.499348	0.430479	0.446385	0.406814	0.582893	0.432669	0.342936	0.406383	0.341480	0.224448	0.223396	0.208757	0.255055	0.161439	0.190916	0.000000	0.082042	0.768421	0.465357	0.846087	0.523129	0.502893	0.464767	0.429266	0.484502	0.510195	0.458317	0.370663	0.392744	0.456010	0.317765	0.298338	0.216639	0.262670	0.060780	0.130415	0.069278	0.071726	0.607916	0.727604	0.673377	0.610461	0.381871	0.588716	0.525143	0.487122	0.444083	0.460241	0.340153	0.225056	0.160579	0.238460	0.199600	0.157077	0.120889	0.078178	0.055868	0.071616	0.079189	0.735099	0.661780	0.486295	0.485792	0.398070	0.356981	0.848838	0.862230	0.841026	0.624259	0.535368	0.601963	0.612974	0.456171	0.535224	0.435504	0.359166	0.380055	0.307622	0.385974	0.319104	0.252145	0.194620	0.107320	0.479330	0.089677	0.055937	0.759984	0.611744	0.584414	0.417852	0.573252	0.457069	0.422920	0.458266	0.442955	0.414668	0.344790	0.393450	0.508041	0.420649	0.222875	0.223084	0.213050	0.212172	0.088756	0.116402	0.050652	0.862608	0.836945	0.751378	0.442654	0.450618	0.474787	0.344063	0.564791	0.859402	0.845117	0.781245	0.822980	0.374289	0.373438	0.342172	0.938475	0.861945	0.549378	0.543497	0.999755	0.388575	0.881673	0.809592	0.763642	0.431709	0.445044	0.323600	0.323691	
337D20	0.746127	0.685747	0.596117	0.507126	0.534586	0.554255	0.654931	0.493059	0.435323	0.510794	0.431997	0.310093	0.332863	0.323111	0.371120	0.276157	0.344559	0.082042	0.000000	0.787803	0.600600	0.871374	0.654151	0.610267	0.579671	0.546890	0.549027	0.589108	0.552104	0.469390	0.469333	0.540232	0.415840	0.397784	0.333513	0.428363	0.150668	0.153671	0.027212	0.148020	0.655441	0.757926	0.689903	0.678463	0.518760	0.678848	0.635914	0.578750	0.506173	0.494387	0.434640	0.297208	0.216538	0.350436	0.305293	0.279158	0.249859	0.223554	0.105788	0.105968	0.178849	0.782850	0.720609	0.599691	0.574521	0.487684	0.430843	0.858532	0.863597	0.861917	0.723018	0.604845	0.718983	0.710584	0.559547	0.624345	0.561360	0.475255	0.517023	0.445454	0.501587	0.456819	0.386574	0.362626	0.249222	0.530413	0.073467	0.110912	0.778812	0.686215	0.629180	0.527535	0.690267	0.559261	0.545490	0.551897	0.538517	0.544763	0.452364	0.518386	0.606211	0.562009	0.280716	0.313890	0.378838	0.378032	0.196241	0.155189	0.061734	0.889225	0.839538	0.762273	0.556945	0.541943	0.539021	0.416818	0.616269	0.886030	0.849510	0.795324	0.869863	0.470042	0.462688	0.411217	0.914633	0.860072	0.640845	0.587070	0.999642	0.470963	0.897762	0.828199	0.774903	0.548798	0.541602	0.423990	0.380745	
343D01	0.085055	0.101796	0.572737	0.699241	0.664429	0.676729	0.654440	0.730273	0.712217	0.744076	0.665533	0.624673	0.693791	0.673118	0.667347	0.686897	0.688974	0.768421	0.787803	0.000000	0.488082	0.904326	0.710158	0.673258	0.707472	0.688664	0.674996	0.701151	0.743196	0.656377	0.783899	0.755743	0.627752	0.644198	0.705786	0.674110	0.764866	0.768448	0.789920	0.703011	0.615484	0.105904	0.123657	0.731589	0.698192	0.648257	0.687999	0.668141	0.725665	0.776349	0.738889	0.663887	0.662736	0.674976	0.615328	0.671807	0.692912	0.763848	0.818402	0.764678	0.691038	0.101440	0.179307	0.679283	0.643492	0.660721	0.681735	0.164183	0.119626	0.481221	0.743198	0.704583	0.681525	0.745061	0.690916	0.759808	0.749957	0.729545	0.708483	0.683410	0.766494	0.606598	0.629170	0.706610	0.694244	0.846871	0.807121	0.758900	0.761388	0.188769	0.170512	0.608169	0.747188	0.690734	0.670635	0.636186	0.689798	0.677111	0.745055	0.669337	0.761902	0.664400	0.660233	0.571356	0.662629	0.695822	0.800315	0.794480	0.755673	0.177208	0.123583	0.309597	0.651621	0.636025	0.678621	0.644250	0.583976	0.151251	0.105642	0.366352	0.857297	0.662990	0.617037	0.608894	0.369330	0.232176	0.684835	0.687982	0.903546	0.557645	0.191152	0.107553	0.348015	0.533838	0.606027	0.648914	0.617013	
343D02	0.524605	0.498132	0.182452	0.443575	0.418526	0.332326	0.478098	0.541210	0.428497	0.397012	0.414634	0.377376	0.369541	0.287157	0.303205	0.375638	0.269494	0.465357	0.600600	0.488082	0.000000	0.794136	0.356285	0.428645	0.443996	0.410124	0.493893	0.514930	0.484767	0.394385	0.494033	0.524779	0.335776	0.361797	0.391106	0.211450	0.434093	0.546822	0.570407	0.379420	0.504968	0.435605	0.386508	0.335495	0.299741	0.427101	0.441459	0.449042	0.552325	0.606275	0.469994	0.435214	0.404471	0.341641	0.312709	0.363641	0.315479	0.354239	0.524930	0.524189	0.394973	0.435428	0.293269	0.398785	0.425267	0.413508	0.423147	0.612804	0.568115	0.492155	0.301439	0.461705	0.390223	0.506335	0.440667	0.485167	0.411041	0.368185	0.311895	0.281823	0.366239	0.233735	0.326216	0.260556	0.322068	0.635428	0.584067	0.480097	0.729145	0.251863	0.258146	0.157455	0.302062	0.402882	0.359475	0.435053	0.478293	0.342364	0.421212	0.349214	0.465132	0.284902	0.414812	0.286513	0.307709	0.263320	0.444871	0.505810	0.505763	0.602404	0.600965	0.489504	0.288382	0.339748	0.480993	0.403358	0.472823	0.584794	0.579961	0.483706	0.621414	0.355698	0.381137	0.391830	0.819070	0.581448	0.347961	0.401554	0.988820	0.351556	0.643309	0.508156	0.458199	0.168602	0.367723	0.369375	0.403392	
343D03	0.852891	0.890430	0.737552	0.769823	0.828440	0.765269	0.746454	0.861698	0.839265	0.807437	0.854550	0.840423	0.851479	0.845670	0.856357	0.779550	0.841071	0.846087	0.871374	0.904326	0.794136	0.000000	0.557526	0.825772	0.768739	0.823611	0.864175	0.861804	0.861659	0.855008	0.849903	0.863577	0.846035	0.850951	0.796838	0.869304	0.867591	0.894743	0.878191	0.867861	0.888342	0.832412	0.843892	0.788689	0.789604	0.787916	0.833625	0.830611	0.856630	0.859678	0.865784	0.844966	0.844479	0.848976	0.851608	0.835277	0.861651	0.837640	0.869279	0.891788	0.874225	0.895801	0.817616	0.801071	0.852614	0.861223	0.861261	0.876094	0.919075	0.518525	0.465164	0.762255	0.665582	0.665471	0.859357	0.852560	0.848718	0.841768	0.845996	0.847005	0.823517	0.847064	0.864277	0.859137	0.852636	0.884831	0.892775	0.879052	0.936524	0.838338	0.835985	0.607969	0.521400	0.761019	0.788624	0.814985	0.846633	0.847008	0.857127	0.836046	0.844938	0.853943	0.851769	0.852471	0.777255	0.861526	0.851612	0.860647	0.874865	0.921315	0.886974	0.885296	0.815065	0.864225	0.883821	0.861058	0.884873	0.904619	0.873289	0.726273	0.249542	0.844985	0.873568	0.865750	0.952762	0.856758	0.629698	0.789577	0.996744	0.865978	0.911738	0.860999	0.706982	0.807200	0.869368	0.854210	0.847965	
343D04	0.730987	0.732077	0.365695	0.233805	0.337340	0.158996	0.316493	0.426636	0.342573	0.374621	0.328254	0.367453	0.358234	0.377063	0.364887	0.302604	0.366124	0.523129	0.654151	0.710158	0.356285	0.557526	0.000000	0.250372	0.269480	0.303831	0.379481	0.372273	0.403425	0.349946	0.476014	0.443575	0.337519	0.297383	0.304918	0.365744	0.553884	0.626561	0.608373	0.432636	0.637585	0.629187	0.629221	0.504205	0.207421	0.258423	0.283651	0.299020	0.467689	0.526242	0.430541	0.388464	0.410035	0.358878	0.336555	0.308159	0.378718	0.472694	0.579754	0.587386	0.420245	0.570020	0.474664	0.206830	0.257090	0.282860	0.330633	0.753958	0.803842	0.667866	0.231798	0.255685	0.079687	0.257325	0.292773	0.437258	0.387023	0.365287	0.310826	0.325350	0.471937	0.290543	0.299519	0.383413	0.396622	0.742220	0.628833	0.526969	0.800326	0.488399	0.573182	0.212670	0.124450	0.242135	0.231242	0.340538	0.332569	0.301054	0.373757	0.301779	0.432508	0.339362	0.392852	0.400671	0.279891	0.420468	0.577568	0.618194	0.563914	0.697912	0.765794	0.752877	0.217270	0.287281	0.338559	0.319567	0.613346	0.693043	0.754231	0.682909	0.515572	0.273150	0.292186	0.320700	0.949337	0.795669	0.235223	0.507613	0.998573	0.322685	0.740697	0.691576	0.668147	0.281016	0.269418	0.262252	0.363693	
343D05	0.714911	0.695061	0.368021	0.090019	0.068144	0.086105	0.100220	0.123869	0.097825	0.163340	0.081089	0.219947	0.201551	0.299050	0.342401	0.346688	0.353654	0.502893	0.610267	0.673258	0.428645	0.825772	0.250372	0.000000	0.068696	0.064722	0.080594	0.065346	0.116551	0.086233	0.235624	0.164920	0.118491	0.139563	0.205858	0.362370	0.525469	0.606667	0.570692	0.418534	0.541371	0.614872	0.603940	0.525662	0.196773	0.076909	0.037173	0.034159	0.161026	0.225665	0.195161	0.189203	0.236652	0.198068	0.260245	0.282211	0.345382	0.485818	0.565654	0.562758	0.406708	0.553100	0.509065	0.107642	0.112491	0.172671	0.227503	0.737598	0.773174	0.821635	0.487158	0.067404	0.183940	0.153971	0.050315	0.162177	0.161266	0.149261	0.169522	0.202760	0.361889	0.245650	0.233514	0.344373	0.375768	0.768123	0.604521	0.516941	0.768781	0.468893	0.567275	0.384918	0.383559	0.063210	0.051344	0.080034	0.057158	0.095337	0.139615	0.080214	0.193858	0.188277	0.282821	0.376360	0.330804	0.420088	0.572656	0.616659	0.534538	0.688675	0.760262	0.741536	0.164550	0.203041	0.258468	0.211627	0.519596	0.691962	0.749515	0.768160	0.811019	0.192001	0.197549	0.218918	0.925815	0.808433	0.277050	0.501447	0.998914	0.286555	0.734899	0.695289	0.751611	0.296380	0.139948	0.146125	0.227368	
343D06	0.730593	0.719494	0.393860	0.134441	0.092812	0.118963	0.080590	0.137431	0.120683	0.159112	0.118715	0.237303	0.206876	0.314562	0.387825	0.323577	0.356005	0.464767	0.579671	0.707472	0.443996	0.768739	0.269480	0.068696	0.000000	0.028509	0.134071	0.121314	0.114410	0.100714	0.194142	0.148963	0.138537	0.204242	0.175302	0.382956	0.489559	0.575729	0.545738	0.440784	0.522026	0.654838	0.642714	0.529221	0.237780	0.138438	0.098660	0.074491	0.133122	0.212481	0.184697	0.206234	0.230436	0.210353	0.298441	0.312318	0.365686	0.453050	0.527320	0.540350	0.430219	0.635067	0.571410	0.204218	0.231656	0.281021	0.304538	0.778236	0.800562	0.790193	0.437706	0.097851	0.239762	0.134424	0.128063	0.150258	0.137724	0.146295	0.214471	0.228810	0.323369	0.305454	0.266958	0.332330	0.370072	0.725732	0.585100	0.512553	0.766398	0.521591	0.604754	0.360112	0.364895	0.062062	0.078064	0.099463	0.102616	0.133876	0.143557	0.120373	0.192723	0.214876	0.329954	0.417727	0.307429	0.410909	0.517475	0.582997	0.529805	0.755431	0.793790	0.771940	0.261593	0.299211	0.376299	0.302051	0.494318	0.754442	0.783826	0.771067	0.762126	0.293327	0.303338	0.310659	0.933134	0.821913	0.250243	0.526096	0.999601	0.375338	0.786319	0.741883	0.748827	0.368804	0.252780	0.244005	0.286748	
343D07	0.713413	0.687971	0.347692	0.126712	0.075655	0.123394	0.110314	0.124999	0.101232	0.156774	0.090055	0.186625	0.161109	0.264846	0.334899	0.286580	0.309887	0.429266	0.546890	0.688664	0.410124	0.823611	0.303831	0.064722	0.028509	0.000000	0.113161	0.109291	0.103487	0.076024	0.183103	0.135811	0.099062	0.157876	0.146118	0.345534	0.456693	0.545239	0.511015	0.394230	0.496739	0.634493	0.617790	0.470782	0.191167	0.143779	0.091700	0.057783	0.126627	0.212008	0.179251	0.166820	0.186331	0.169407	0.244476	0.260577	0.314909	0.421212	0.495160	0.506821	0.382171	0.606642	0.540024	0.179633	0.197150	0.237506	0.266468	0.761907	0.770988	0.807925	0.476652	0.110414	0.272586	0.197342	0.095213	0.141552	0.131459	0.133751	0.199925	0.206162	0.305152	0.268114	0.212283	0.301321	0.327141	0.715547	0.550003	0.471228	0.751490	0.493538	0.571679	0.351826	0.377416	0.061562	0.059506	0.081505	0.079423	0.103762	0.113687	0.083438	0.184726	0.198489	0.276340	0.369136	0.270072	0.367728	0.481509	0.554046	0.491883	0.735029	0.779678	0.749272	0.210144	0.239958	0.335105	0.258840	0.462809	0.736341	0.770165	0.770567	0.804650	0.241346	0.260561	0.263296	0.924486	0.799169	0.253174	0.493656	0.999641	0.333212	0.770435	0.725105	0.747740	0.314172	0.208505	0.197044	0.241869	
343D08	0.688749	0.672373	0.458381	0.132050	0.107995	0.196750	0.130668	0.033923	0.059059	0.119446	0.075471	0.224055	0.173021	0.299777	0.359584	0.385627	0.420160	0.484502	0.549027	0.674996	0.493893	0.864175	0.379481	0.080594	0.134071	0.113161	0.000000	0.015888	0.060102	0.052790	0.130163	0.085956	0.094894	0.174787	0.245681	0.421812	0.512590	0.577477	0.521228	0.413337	0.593629	0.614638	0.606962	0.567821	0.306631	0.183532	0.104770	0.049275	0.080491	0.103508	0.158689	0.147586	0.196398	0.198895	0.295840	0.312936	0.380754	0.493587	0.547826	0.544301	0.415217	0.594527	0.570694	0.213627	0.168179	0.231701	0.284273	0.733756	0.767807	0.834573	0.565799	0.092117	0.323661	0.223929	0.067265	0.089783	0.130607	0.128758	0.176525	0.201157	0.332600	0.307861	0.307728	0.386965	0.396841	0.760800	0.563848	0.497802	0.781969	0.490201	0.580051	0.453799	0.495136	0.131917	0.130919	0.101246	0.032319	0.093898	0.083580	0.092157	0.125143	0.197530	0.272269	0.405320	0.407477	0.475526	0.567684	0.593895	0.499185	0.713102	0.767149	0.766477	0.275126	0.280947	0.296509	0.247017	0.560262	0.715716	0.757196	0.797661	0.858445	0.264090	0.253474	0.252917	0.907970	0.811938	0.378800	0.562085	0.999671	0.351927	0.746478	0.722744	0.776825	0.395499	0.199699	0.175991	0.245898	
343D09	0.718810	0.705045	0.470921	0.148239	0.115566	0.174826	0.125600	0.037275	0.062934	0.117221	0.080913	0.250166	0.197324	0.333409	0.387233	0.411966	0.429784	0.510195	0.589108	0.701151	0.514930	0.861804	0.372273	0.065346	0.121314	0.109291	0.015888	0.000000	0.042731	0.060050	0.141340	0.070122	0.111284	0.189669	0.258879	0.424262	0.530079	0.594425	0.555018	0.448643	0.610042	0.637791	0.636572	0.577577	0.310019	0.165610	0.077785	0.043206	0.075240	0.103914	0.142900	0.168239	0.231036	0.212403	0.319933	0.335911	0.399273	0.512834	0.570363	0.565213	0.439374	0.611098	0.589425	0.202617	0.177416	0.244647	0.300582	0.752332	0.793133	0.852954	0.574531	0.099630	0.304267	0.194597	0.066500	0.082437	0.118500	0.130567	0.173817	0.202353	0.344263	0.314223	0.316846	0.393462	0.416348	0.768238	0.587981	0.519411	0.792194	0.515309	0.609373	0.477234	0.490497	0.132735	0.118551	0.098201	0.028039	0.090211	0.088234	0.089765	0.122244	0.189661	0.304582	0.425053	0.425126	0.485752	0.585221	0.615033	0.533114	0.726816	0.788053	0.783085	0.281987	0.294055	0.317750	0.272966	0.579611	0.730787	0.778601	0.815434	0.862077	0.283620	0.272868	0.281583	0.925499	0.832441	0.385273	0.583912	0.999770	0.379219	0.761907	0.743156	0.797798	0.407359	0.215283	0.193593	0.278497	
343D10	0.745988	0.736639	0.467565	0.187236	0.133699	0.192042	0.144458	0.057245	0.047235	0.052588	0.083811	0.248719	0.159509	0.284065	0.361754	0.394359	0.387748	0.458317	0.552104	0.743196	0.484767	0.861659	0.403425	0.116551	0.114410	0.103487	0.060102	0.042731	0.000000	0.046156	0.062067	0.030080	0.090004	0.200670	0.231434	0.372028	0.466198	0.556751	0.516689	0.426612	0.599236	0.674121	0.669500	0.556393	0.325507	0.209011	0.118165	0.081197	0.069379	0.089949	0.111754	0.168649	0.206920	0.171250	0.312755	0.338376	0.363672	0.446594	0.520141	0.530737	0.429686	0.676552	0.641161	0.255013	0.250841	0.295855	0.324716	0.794144	0.826031	0.842227	0.538681	0.129794	0.354756	0.207643	0.105434	0.039989	0.049197	0.068837	0.128427	0.149000	0.240149	0.298434	0.318299	0.321400	0.375205	0.715441	0.554287	0.488804	0.790047	0.540230	0.627424	0.452436	0.484050	0.141174	0.141001	0.116659	0.062039	0.071892	0.036901	0.075148	0.067855	0.137249	0.300217	0.409778	0.401449	0.426742	0.501681	0.557590	0.506551	0.782915	0.829662	0.803510	0.321106	0.333779	0.379403	0.311344	0.562030	0.785319	0.818758	0.827832	0.843824	0.329676	0.325390	0.325998	0.946188	0.857479	0.386528	0.587361	0.999076	0.425334	0.813264	0.789468	0.809082	0.432586	0.276867	0.241028	0.303976	
343D11	0.665666	0.646605	0.377494	0.132017	0.076476	0.140152	0.144281	0.062955	0.021890	0.075001	0.029875	0.140439	0.087767	0.191299	0.260385	0.284135	0.289885	0.370663	0.469390	0.656377	0.394385	0.855008	0.349946	0.086233	0.100714	0.076024	0.052790	0.060050	0.046156	0.000000	0.099223	0.073531	0.026066	0.113405	0.155383	0.294330	0.390027	0.471389	0.432905	0.320007	0.520403	0.588486	0.572516	0.521364	0.234571	0.176631	0.108500	0.068007	0.086973	0.130083	0.096104	0.087153	0.114668	0.088590	0.190472	0.222783	0.260285	0.361094	0.442295	0.439915	0.313944	0.583686	0.536452	0.201643	0.185905	0.210509	0.244947	0.732553	0.764365	0.805122	0.518729	0.114098	0.312387	0.223409	0.082000	0.097849	0.081859	0.056188	0.114338	0.107492	0.234271	0.202566	0.205936	0.253464	0.269717	0.662249	0.478881	0.398694	0.752726	0.436168	0.520316	0.370601	0.445747	0.098436	0.088568	0.073879	0.050714	0.053150	0.040199	0.039091	0.115931	0.123319	0.198413	0.282444	0.290503	0.342388	0.436878	0.480862	0.412526	0.720856	0.759225	0.734656	0.245040	0.252371	0.310663	0.220088	0.478802	0.721309	0.748997	0.765326	0.837989	0.242721	0.228617	0.222775	0.905653	0.800012	0.341310	0.529022	0.999651	0.307402	0.755118	0.710459	0.743869	0.330476	0.189324	0.155163	0.195949	
343D12	0.763062	0.755713	0.497194	0.266122	0.216489	0.297896	0.250104	0.094956	0.085833	0.054287	0.162752	0.271721	0.161182	0.262463	0.362446	0.405145	0.414747	0.392744	0.469333	0.783899	0.494033	0.849903	0.476014	0.235624	0.194142	0.183103	0.130163	0.141340	0.062067	0.099223	0.000000	0.049240	0.119357	0.266019	0.232858	0.385519	0.390480	0.482804	0.440916	0.396750	0.643294	0.715469	0.694389	0.567884	0.394689	0.357929	0.259043	0.191541	0.099922	0.090664	0.132041	0.182967	0.189852	0.181879	0.345947	0.359838	0.366819	0.372174	0.444997	0.476360	0.419183	0.753405	0.709997	0.373981	0.368670	0.391429	0.409968	0.837492	0.861482	0.826869	0.534230	0.224381	0.478729	0.310948	0.218935	0.071825	0.068978	0.065671	0.157754	0.155534	0.160475	0.348430	0.379217	0.307456	0.357203	0.667979	0.485790	0.433934	0.809449	0.585068	0.646736	0.454114	0.528522	0.226917	0.234017	0.218258	0.156477	0.138314	0.052999	0.145935	0.072441	0.165227	0.317322	0.422262	0.429526	0.424181	0.413235	0.456906	0.440887	0.853269	0.868798	0.826102	0.420643	0.441242	0.475888	0.386889	0.607983	0.851385	0.858994	0.840748	0.828521	0.412335	0.421587	0.406718	0.955857	0.884396	0.441940	0.629866	0.999866	0.511302	0.871913	0.838597	0.819731	0.503647	0.387712	0.308912	0.359974	
343D13	0.742540	0.737212	0.505948	0.243321	0.196341	0.248246	0.197742	0.063996	0.075976	0.091739	0.130584	0.268150	0.173472	0.308890	0.378463	0.409134	0.433910	0.456010	0.540232	0.755743	0.524779	0.863577	0.443575	0.164920	0.148963	0.135811	0.085956	0.070122	0.030080	0.073531	0.049240	0.000000	0.105908	0.238313	0.225611	0.401248	0.450926	0.514417	0.498139	0.445393	0.632327	0.686536	0.672863	0.586391	0.374434	0.284747	0.189030	0.130442	0.066747	0.088823	0.117867	0.180718	0.217868	0.177927	0.342917	0.354651	0.388486	0.434713	0.501700	0.513124	0.436031	0.700395	0.668589	0.310565	0.310307	0.350057	0.394291	0.808052	0.842674	0.850412	0.573353	0.190251	0.416586	0.259536	0.166415	0.065071	0.076759	0.095227	0.172267	0.169395	0.230136	0.337672	0.345117	0.341710	0.384866	0.703823	0.535412	0.475071	0.806593	0.559188	0.639610	0.485809	0.527877	0.197401	0.185601	0.180133	0.101729	0.116546	0.060716	0.117187	0.081589	0.156842	0.318675	0.418929	0.428383	0.451763	0.486443	0.517883	0.501564	0.807054	0.841596	0.822636	0.392404	0.406482	0.442267	0.373128	0.596239	0.807933	0.831004	0.842247	0.858709	0.397902	0.393748	0.385663	0.944114	0.868678	0.426957	0.660309	0.999823	0.489578	0.829957	0.807963	0.824370	0.487689	0.339453	0.282129	0.345638	
